#Passos_total= 15000
#Episodio= 380
#Negative_reward= -200
#Num_de_passos_por_passo= 4
#Num_max_passos_por_episodio= 30
#Lambida= 0.3
#Alpha= 0.1
#Gamma= 0.9
#Exploraçao= 0.15

#p2_value p1_value Qvalue2p 
15 450  8.50418
15 465  11.2568
15 480  190.207
15 495  92.0714
15 510  61.7759
15 525  141.272
15 540  801.184
15 555  371.98
15 570  110.589
15 585  190.715
15 600  108.831
15 615  20.1566
15 630  -32.0941
15 645  464.085
15 660  89.6461
15 675  94.8417
15 690  53.2566
15 705  4.81922
15 720  0.224565
15 735  16.5847
15 750  5.51199
15 765  -5.86142
15 780  -68.3846
15 795  -87.8487
15 810  -81.7534
15 825  -104.308
15 840  -129.043
15 855  -132.155
15 870  -145.891
15 885  -178.779
15 900  -193.16
15 915  -230.969
15 930  -214.084
15 945  -252.005
15 960  -219.079
17 450  8.74989
17 465  2.98778
17 480  37.0966
17 495  31.2568
17 510  344.445
17 525  9.17078
17 540  496.62
17 555  407.848
17 570  1065.22
17 585  682.714
17 600  250.455
17 615  132.743
17 630  317.673
17 645  645.316
17 660  465.463
17 675  198.998
17 690  277.629
17 705  69.7422
17 720  119.042
17 735  32.668
17 750  13.9697
17 765  22.913
17 780  -24.4266
17 795  -75.4666
17 810  -88.075
17 825  -98.5032
17 840  -131.641
17 855  -113.902
17 870  -144.518
17 885  -173.918
17 900  -185.689
17 915  -191.167
17 930  -195.803
17 945  -210.519
17 960  -194.961
19 450  43.6597
19 465  116.599
19 480  267.157
19 495  577.503
19 510  903.902
19 525  589.644
19 540  347.801
19 555  352.951
19 570  1662.08
19 585  651.998
19 600  188.577
19 615  701.102
19 630  56.5166
19 645  361.606
19 660  149.338
19 675  79.1435
19 690  70.3266
19 705  155.939
19 720  277.191
19 735  -1.77778
19 750  37.5385
19 765  54.8884
19 780  -29.0536
19 795  -34.907
19 810  -94.0332
19 825  -120.007
19 840  -110.108
19 855  -150.992
19 870  -128.356
19 885  -150.056
19 900  -137.953
19 915  -167.761
19 930  -152.415
19 945  -162.583
19 960  -212.134
21 450  105.989
21 465  314.689
21 480  718.816
21 495  837.967
21 510  969.412
21 525  1117.24
21 540  1320.5
21 555  1701.22
21 570  1794.74
21 585  1646.11
21 600  1070.32
21 615  1144.11
21 630  696.586
21 645  2.45321
21 660  97.0413
21 675  409.335
21 690  7.76413
21 705  84.0858
21 720  82.624
21 735  27.2697
21 750  83.2174
21 765  193.426
21 780  31.6739
21 795  54.9039
21 810  -53.112
21 825  -92.271
21 840  -131.52
21 855  -150.676
21 870  -125.34
21 885  -125.057
21 900  -144.622
21 915  -155.145
21 930  -145.697
21 945  -152.341
21 960  -166.552
23 450  23.479
23 465  12.6078
23 480  197.794
23 495  452.991
23 510  795.655
23 525  523.656
23 540  103.682
23 555  255.448
23 570  1592.93
23 585  754.436
23 600  226.253
23 615  597.502
23 630  81.8466
23 645  0.342198
23 660  1130.47
23 675  1563
23 690  630.699
23 705  176.765
23 720  19.8923
23 735  16.3779
23 750  235.451
23 765  410.149
23 780  65.2503
23 795  170.289
23 810  -32.1789
23 825  -66.4681
23 840  -106.158
23 855  -144.247
23 870  -119.764
23 885  -125.507
23 900  -148.325
23 915  -154.758
23 930  -164.71
23 945  -154.077
23 960  -171.201
25 450  -21.8534
25 465  -54.8032
25 480  204.042
25 495  304.241
25 510  661.903
25 525  2.95699
25 540  256.857
25 555  930.355
25 570  299.501
25 585  8.07994
25 600  525.11
25 615  1642.05
25 630  401.235
25 645  56.2586
25 660  328.936
25 675  645.322
25 690  21.5476
25 705  118.212
25 720  90.4606
25 735  52.1662
25 750  147.539
25 765  572.394
25 780  63.6551
25 795  365.263
25 810  187.359
25 825  32.656
25 840  -67.0393
25 855  -113.958
25 870  -105.593
25 885  -133.52
25 900  -138.236
25 915  -138.503
25 930  -160.582
25 945  -183.685
25 960  -167.897
27 450  -81.27
27 465  -50.4034
27 480  35.8853
27 495  10.2539
27 510  91.0426
27 525  137.728
27 540  900.187
27 555  959.617
27 570  956.006
27 585  614.139
27 600  1530.52
27 615  1593.76
27 630  1619.08
27 645  162.476
27 660  5.55649
27 675  88.0483
27 690  158.624
27 705  1180.49
27 720  345.245
27 735  142.85
27 750  433.803
27 765  1100.1
27 780  756.604
27 795  569.309
27 810  327.974
27 825  74.8327
27 840  78.486
27 855  -6.16463
27 870  -67.6101
27 885  -88.4656
27 900  -102.171
27 915  -106.117
27 930  -152.44
27 945  -135.396
27 960  -160.317
29 450  -119.628
29 465  -71.6075
29 480  -75.3762
29 495  -52.5868
29 510  52.1699
29 525  491.771
29 540  746.299
29 555  940.105
29 570  730.044
29 585  432.273
29 600  503.666
29 615  1591.92
29 630  425.099
29 645  1.46072
29 660  191.245
29 675  429.397
29 690  1131.41
29 705  1453.38
29 720  1096.86
29 735  227.089
29 750  888.021
29 765  1271.6
29 780  944.378
29 795  325.324
29 810  7.53111
29 825  19.8762
29 840  488.801
29 855  7.28822
29 870  22.4092
29 885  -40.3794
29 900  -50.21
29 915  -69.6732
29 930  -125.087
29 945  -143.602
29 960  -156.59
31 450  -165.082
31 465  -167.047
31 480  -107.857
31 495  -94.7048
31 510  -37.5179
31 525  187.043
31 540  188.86
31 555  614.997
31 570  289.178
31 585  171.672
31 600  44.6099
31 615  1626.52
31 630  303.805
31 645  6.35652
31 660  20.1624
31 675  98.1087
31 690  747.326
31 705  1251.71
31 720  771.507
31 735  299.273
31 750  226.057
31 765  1073.3
31 780  243.913
31 795  9.794
31 810  133.871
31 825  532.751
31 840  761.339
31 855  581.353
31 870  163.144
31 885  117.738
31 900  22.2371
31 915  -50.8946
31 930  -71.3167
31 945  -111.974
31 960  -122.528
33 450  -164.225
33 465  -180.583
33 480  -141.985
33 495  -81.1172
33 510  -115.268
33 525  -59.6867
33 540  -8.53694
33 555  190.993
33 570  50.2063
33 585  42.1015
33 600  307.609
33 615  1201.21
33 630  431.545
33 645  121.82
33 660  2.0902
33 675  580.625
33 690  683.135
33 705  1009.95
33 720  68.7513
33 735  73.8455
33 750  54.3292
33 765  82.9502
33 780  44.0661
33 795  103.878
33 810  31.9477
33 825  383.556
33 840  703.044
33 855  608.955
33 870  330.4
33 885  313.558
33 900  210.236
33 915  19.5731
33 930  -1.15612
33 945  -53.1012
33 960  -65.7848
35 450  -154.598
35 465  -131.935
35 480  -151.6
35 495  -120.71
35 510  -113.05
35 525  -96.2494
35 540  -35.2676
35 555  9.3201
35 570  -3.49091
35 585  27.471
35 600  202.787
35 615  617.696
35 630  207.403
35 645  22.6511
35 660  1.43543
35 675  0.60294
35 690  329.657
35 705  472.302
35 720  47.4675
35 735  14.3749
35 750  -12.1219
35 765  2.86199
35 780  208.683
35 795  686.749
35 810  157.207
35 825  72.0388
35 840  479.472
35 855  161.12
35 870  257.476
35 885  304.957
35 900  253.586
35 915  70.8318
35 930  66.6854
35 945  -38.654
35 960  -21.3659
37 450  -161.744
37 465  -161.419
37 480  -168.535
37 495  -158.37
37 510  -113.552
37 525  -82.9211
37 540  -60.9634
37 555  -34.2474
37 570  24.4178
37 585  45.3172
37 600  115.979
37 615  148.965
37 630  30.8991
37 645  13.4686
37 660  2.9115
37 675  18.8549
37 690  73.0408
37 705  178.29
37 720  53.1685
37 735  -14.7464
37 750  -25.2017
37 765  -43.7064
37 780  88.5872
37 795  143.211
37 810  57.3995
37 825  5.5494
37 840  144.679
37 855  -32.9709
37 870  -7.15381
37 885  266.063
37 900  -40.1621
37 915  290.032
37 930  127.734
37 945  -7.21703
37 960  6.07382
39 450  -178.987
39 465  -147.25
39 480  -156.172
39 495  -167.831
39 510  -111.487
39 525  -107.524
39 540  -92.1753
39 555  -48.488
39 570  24.5721
39 585  -14.7489
39 600  5.22879
39 615  3.88958
39 630  7.08532
39 645  0.751211
39 660  -11.7772
39 675  -23.4236
39 690  -3.8963
39 705  -44.7787
39 720  -45.6202
39 735  -67.872
39 750  -27.1912
39 765  -76.8553
39 780  -31.6984
39 795  31.7666
39 810  -59.0738
39 825  -13.9083
39 840  23.5062
39 855  17.6541
39 870  -14.9671
39 885  -29.4555
39 900  -4.6381
39 915  84.7875
39 930  4.61654
39 945  149.766
39 960  40.0752
