#Passos_total= 300000
#Episodio= 7836
#Negative_reward= -200
#Num_de_passos_por_passo= 4
#Num_max_passos_por_episodio= 30
#Lambida= 0.3
#Alpha= 0.1
#Gamma= 0.9
#Exploraçao= 0.15

#p2_value p1_value Qvalue2p 
15 450  479.341
15 465  811.569
15 480  931.053
15 495  918.075
15 510  1134.32
15 525  1355.69
15 540  1458.9
15 555  1329.06
15 570  1398.86
15 585  1364.12
15 600  1245.21
15 615  1235.15
15 630  968.119
15 645  1383.54
15 660  1253.74
15 675  944.879
15 690  1022.06
15 705  910.406
15 720  923.267
15 735  526.972
15 750  395.899
15 765  479.57
15 780  200.6
15 795  -17.983
15 810  -297.72
15 825  -331.75
15 840  -441.319
15 855  -572.559
15 870  -727.358
15 885  -873.547
15 900  -906.82
15 915  -968.365
15 930  -1033.97
15 945  -1062.36
15 960  -1031.36
17 450  844.513
17 465  1119.94
17 480  1218.34
17 495  1221.83
17 510  1342.29
17 525  1503.65
17 540  1591.2
17 555  1525.1
17 570  1680.39
17 585  1574.74
17 600  1635.23
17 615  1609.72
17 630  1152.49
17 645  1539.64
17 660  1424.67
17 675  1240.11
17 690  1271.52
17 705  1162.37
17 720  1234.54
17 735  840.483
17 750  739.918
17 765  722.708
17 780  538.039
17 795  270.22
17 810  -1.26394
17 825  -168.442
17 840  -388.534
17 855  -498.568
17 870  -587.766
17 885  -730.279
17 900  -823.984
17 915  -892.293
17 930  -993.241
17 945  -1022.51
17 960  -1010.35
19 450  1123.73
19 465  1294.32
19 480  1398.97
19 495  1453.83
19 510  1562.37
19 525  1601.27
19 540  1668.94
19 555  1652.57
19 570  1688.22
19 585  1709.4
19 600  1793.71
19 615  1822.67
19 630  1709.27
19 645  1667.47
19 660  1569.04
19 675  1404.64
19 690  1443.22
19 705  1333.31
19 720  1379.33
19 735  1106.07
19 750  971.071
19 765  897.081
19 780  670.824
19 795  229.495
19 810  110.893
19 825  55.4333
19 840  -115.898
19 855  -324.322
19 870  -432.491
19 885  -584.305
19 900  -704.99
19 915  -767.137
19 930  -877.954
19 945  -936.371
19 960  -947.423
21 450  1009.91
21 465  1180.92
21 480  1255.05
21 495  1295.51
21 510  1452.3
21 525  1550.73
21 540  1607.95
21 555  1593.82
21 570  1754.59
21 585  1933.88
21 600  1939.09
21 615  1987.44
21 630  1810.62
21 645  1936.12
21 660  1817.54
21 675  1725.71
21 690  1675.2
21 705  1516.99
21 720  1500.04
21 735  1204.23
21 750  1205.34
21 765  1090.09
21 780  905.931
21 795  664.964
21 810  471.46
21 825  235.212
21 840  28.0686
21 855  -237.304
21 870  -203.812
21 885  -382.422
21 900  -499.902
21 915  -574.106
21 930  -732.783
21 945  -803.017
21 960  -835.222
23 450  717.347
23 465  910.058
23 480  1150.69
23 495  1334.01
23 510  1510.24
23 525  1627.04
23 540  1755.83
23 555  1952.5
23 570  1888.68
23 585  1980.47
23 600  2038.15
23 615  2288.34
23 630  1960.52
23 645  1963.93
23 660  1941.88
23 675  1967.53
23 690  1831.28
23 705  1699.82
23 720  1737.42
23 735  1535.16
23 750  1439.27
23 765  1231.96
23 780  1127.67
23 795  923.943
23 810  717.202
23 825  471.9
23 840  431.522
23 855  164.338
23 870  -18.7753
23 885  -145.444
23 900  -248.691
23 915  -416.317
23 930  -557.989
23 945  -708.155
23 960  -705.053
25 450  599.575
25 465  887.897
25 480  994.953
25 495  1139.79
25 510  1296.19
25 525  1479.82
25 540  1638.05
25 555  1746.49
25 570  1718.37
25 585  1836.54
25 600  1918.2
25 615  2003.78
25 630  1979.65
25 645  1922.29
25 660  2048.05
25 675  1957.81
25 690  1925.18
25 705  1898.84
25 720  1905.87
25 735  1818.66
25 750  1638.33
25 765  1425.55
25 780  1367.11
25 795  1145.09
25 810  980.261
25 825  737.855
25 840  682.985
25 855  498.58
25 870  199.963
25 885  152.312
25 900  -40.0069
25 915  -214.697
25 930  -371.96
25 945  -545.732
25 960  -538.417
27 450  440.254
27 465  698.232
27 480  797.126
27 495  946.455
27 510  941.854
27 525  1274.1
27 540  1398.23
27 555  1588.77
27 570  1649.83
27 585  1810.37
27 600  1745.3
27 615  1896.58
27 630  1949.79
27 645  1932.5
27 660  1915.4
27 675  1887.79
27 690  1885.75
27 705  1916.71
27 720  1901.8
27 735  1869.55
27 750  1722.29
27 765  1602.37
27 780  1536.49
27 795  1339.96
27 810  1257.27
27 825  1047.39
27 840  866.242
27 855  655.451
27 870  397.201
27 885  386.304
27 900  165.751
27 915  -16.336
27 930  -125.371
27 945  -320.868
27 960  -373.776
29 450  343.374
29 465  472.365
29 480  656.873
29 495  710.907
29 510  710.334
29 525  1105.66
29 540  1338.28
29 555  1474.23
29 570  1675.19
29 585  1808.42
29 600  1674.18
29 615  1719.1
29 630  1850.17
29 645  1786.76
29 660  1850.28
29 675  1804.33
29 690  1789.67
29 705  1867.77
29 720  1753.08
29 735  1830.45
29 750  1790.36
29 765  1739.3
29 780  1684.24
29 795  1544.68
29 810  1392.41
29 825  1264.87
29 840  1109.08
29 855  870.951
29 870  684.352
29 885  565.477
29 900  390.505
29 915  183.352
29 930  60.5775
29 945  -83.9219
29 960  -191.088
31 450  64.1687
31 465  199.389
31 480  490.84
31 495  348.392
31 510  535.952
31 525  901.611
31 540  1092.25
31 555  1258.28
31 570  1404.11
31 585  1618.08
31 600  1742.08
31 615  1556.74
31 630  1742.2
31 645  1693.24
31 660  1734.09
31 675  1737.19
31 690  1676.4
31 705  1776.73
31 720  1657.88
31 735  1658.84
31 750  1655
31 765  1613.51
31 780  1576.07
31 795  1506.03
31 810  1434.83
31 825  1374.53
31 840  1229.92
31 855  1099.8
31 870  979.017
31 885  840.992
31 900  674.775
31 915  481.689
31 930  278.577
31 945  164.951
31 960  10.4818
33 450  -142.012
33 465  -130.035
33 480  152.485
33 495  82.3352
33 510  352.874
33 525  626.112
33 540  828.016
33 555  1085.65
33 570  1218.36
33 585  1277.35
33 600  1400.61
33 615  1474.31
33 630  1608.01
33 645  1548.12
33 660  1523.73
33 675  1625.05
33 690  1593.48
33 705  1586.11
33 720  1577.01
33 735  1570.36
33 750  1570.65
33 765  1535.03
33 780  1489.45
33 795  1461.35
33 810  1414.09
33 825  1370.93
33 840  1228.71
33 855  1101.73
33 870  987.575
33 885  876.514
33 900  726.63
33 915  598.934
33 930  312.582
33 945  367.342
33 960  177.191
35 450  -298.674
35 465  -239.151
35 480  -50.4877
35 495  34.0254
35 510  172.641
35 525  403.675
35 540  569.187
35 555  896.358
35 570  822.427
35 585  1077.59
35 600  1173.37
35 615  1329.02
35 630  1428.53
35 645  1246.88
35 660  1350.22
35 675  1425.37
35 690  1432.8
35 705  1401.09
35 720  1450.61
35 735  1186.95
35 750  1300.25
35 765  1395.88
35 780  1285.46
35 795  1177.33
35 810  1188.72
35 825  1318.51
35 840  1267.32
35 855  1207.32
35 870  1119.8
35 885  1022.6
35 900  863.695
35 915  752.467
35 930  533.304
35 945  509.986
35 960  269.696
37 450  -472.809
37 465  -376.262
37 480  -193.685
37 495  -248.346
37 510  -54.8593
37 525  234.95
37 540  563.82
37 555  729.956
37 570  655.809
37 585  906.762
37 600  1052.05
37 615  1195.58
37 630  1253.5
37 645  1046.24
37 660  1086
37 675  1172.8
37 690  1193.7
37 705  1153.62
37 720  1169.93
37 735  776.936
37 750  1092.52
37 765  994.653
37 780  922.373
37 795  916.817
37 810  888.987
37 825  955.073
37 840  992.164
37 855  990.716
37 870  944.332
37 885  933.985
37 900  882.617
37 915  864.775
37 930  734.541
37 945  621.274
37 960  430.528
39 450  -612.935
39 465  -560.16
39 480  -388.793
39 495  -343.997
39 510  -121.894
39 525  159.557
39 540  392.651
39 555  392.387
39 570  550.828
39 585  794.194
39 600  875.069
39 615  987.28
39 630  832.555
39 645  575.522
39 660  712.719
39 675  774.736
39 690  722.361
39 705  777.057
39 720  858.375
39 735  566.707
39 750  497.547
39 765  482.338
39 780  426.466
39 795  503.601
39 810  510.93
39 825  447.876
39 840  598.435
39 855  640.402
39 870  620.577
39 885  760.308
39 900  708.881
39 915  598.787
39 930  546.066
39 945  509.25
39 960  326.519
