#Passos_total= 300000
#Episodio= 7902
#Negative_reward= -200
#Num_de_passos_por_passo= 4
#Num_max_passos_por_episodio= 30
#Lambida= 0.3
#Alpha= 0.1
#Gamma= 0.9
#Exploraçao= 0.15

#p2_value p1_value Qvalue2p 
15 450  775.483
15 465  933.63
15 480  1115.46
15 495  1095.87
15 510  1381.32
15 525  1249.88
15 540  1423.57
15 555  1444.73
15 570  1573.73
15 585  1448.81
15 600  789.463
15 615  1330.06
15 630  1564.99
15 645  1424.84
15 660  1008.17
15 675  896.681
15 690  1281.21
15 705  937.418
15 720  887.933
15 735  946.167
15 750  652.477
15 765  378.821
15 780  305.925
15 795  80.9329
15 810  -48.9294
15 825  -206.775
15 840  -380.153
15 855  -513.723
15 870  -648.195
15 885  -783.238
15 900  -812.56
15 915  -919.036
15 930  -977.114
15 945  -1022.6
15 960  -1008.76
17 450  965.915
17 465  1038.11
17 480  1222.45
17 495  1340.65
17 510  1491.35
17 525  1585.67
17 540  1611.62
17 555  1650.11
17 570  1733.26
17 585  1738.03
17 600  1645.79
17 615  1442.04
17 630  1638.79
17 645  1591.69
17 660  1197.59
17 675  1148.31
17 690  1367.99
17 705  1106.08
17 720  1257
17 735  1110.4
17 750  909.286
17 765  611.805
17 780  472.201
17 795  255.229
17 810  66.2278
17 825  -151.955
17 840  -351.239
17 855  -404.81
17 870  -582.967
17 885  -699.184
17 900  -742.963
17 915  -837.525
17 930  -923.779
17 945  -972.184
17 960  -991.437
19 450  1134.55
19 465  1248.21
19 480  1440.88
19 495  1551.08
19 510  1595.4
19 525  1625.74
19 540  1724.18
19 555  1823.47
19 570  1850.82
19 585  1862.09
19 600  1925.53
19 615  1752.34
19 630  1767.53
19 645  1746.22
19 660  1566.01
19 675  1576.36
19 690  1516.45
19 705  1432.24
19 720  1388.82
19 735  1312.22
19 750  1161.58
19 765  856.521
19 780  662.725
19 795  374.067
19 810  86.1413
19 825  36.4198
19 840  -214.475
19 855  -210.855
19 870  -433.425
19 885  -573.151
19 900  -612.354
19 915  -729.642
19 930  -812.977
19 945  -902.542
19 960  -936.976
21 450  898.975
21 465  1028.33
21 480  1387.06
21 495  1525.91
21 510  1719.8
21 525  1776.75
21 540  1765.14
21 555  1827.79
21 570  1895.13
21 585  1949.82
21 600  1982.54
21 615  1946.16
21 630  1945.45
21 645  1970.28
21 660  1880.92
21 675  1842.47
21 690  1719.54
21 705  1667.21
21 720  1529.74
21 735  1496.24
21 750  1336.38
21 765  961.827
21 780  922.147
21 795  740.645
21 810  528.102
21 825  322.671
21 840  -47.8562
21 855  22.926
21 870  -155.222
21 885  -350.128
21 900  -399.468
21 915  -601.73
21 930  -742.19
21 945  -780.134
21 960  -809.973
23 450  710.808
23 465  997.919
23 480  1237.85
23 495  1400.6
23 510  1475.54
23 525  1603.47
23 540  1782.36
23 555  1830.08
23 570  1834.38
23 585  1835.81
23 600  1934.05
23 615  1954.31
23 630  1964.51
23 645  1993.16
23 660  1999.89
23 675  2019.53
23 690  1927.9
23 705  1839.72
23 720  1711.92
23 735  1641.62
23 750  1460.14
23 765  1313.85
23 780  1159.68
23 795  1006.19
23 810  790.025
23 825  594.144
23 840  341.875
23 855  235.905
23 870  40.9073
23 885  -68.2782
23 900  -219.003
23 915  -458.599
23 930  -598.203
23 945  -608.135
23 960  -626.161
25 450  446.461
25 465  941.849
25 480  1116.85
25 495  1216.23
25 510  1368.66
25 525  1464.38
25 540  1583.33
25 555  1770.64
25 570  1830.18
25 585  1794.34
25 600  1845.38
25 615  1935.72
25 630  1995.62
25 645  2016.04
25 660  2075.92
25 675  2117.27
25 690  2057.88
25 705  1948.48
25 720  1817.55
25 735  1814.78
25 750  1717.54
25 765  1540.77
25 780  1363.62
25 795  1233.99
25 810  978.683
25 825  818.092
25 840  609.475
25 855  470.057
25 870  353.246
25 885  162.687
25 900  -58.003
25 915  -234.255
25 930  -399.508
25 945  -441.599
25 960  -416.695
27 450  591.391
27 465  775.817
27 480  971.087
27 495  1090.08
27 510  1151.95
27 525  1324.54
27 540  1592.47
27 555  1770.53
27 570  1791.23
27 585  1799.33
27 600  1838.74
27 615  2014.97
27 630  2022.77
27 645  1950.62
27 660  2036.32
27 675  2112.5
27 690  2093.08
27 705  2066.58
27 720  2028.14
27 735  1896.64
27 750  1809.9
27 765  1661.33
27 780  1504.48
27 795  1423.27
27 810  1248.43
27 825  1043.01
27 840  928.45
27 855  702.815
27 870  619.165
27 885  341.535
27 900  196.059
27 915  16.7874
27 930  -94.7357
27 945  -251.37
27 960  -242.842
29 450  348.228
29 465  532.703
29 480  730.682
29 495  935.476
29 510  912.619
29 525  1003.48
29 540  1310.91
29 555  1464.11
29 570  1650.23
29 585  1815.62
29 600  1921.88
29 615  1971.71
29 630  2062.54
29 645  1971.47
29 660  1957.06
29 675  2036.73
29 690  1970.6
29 705  1904.11
29 720  1972.04
29 735  1925.43
29 750  1856.48
29 765  1792.95
29 780  1706.57
29 795  1549.6
29 810  1416.46
29 825  1270.21
29 840  1155.61
29 855  969.503
29 870  800.334
29 885  658.244
29 900  439.943
29 915  276.087
29 930  193.537
29 945  -80.5329
29 960  -13.3092
31 450  147.213
31 465  285.291
31 480  284.058
31 495  582.048
31 510  697.75
31 525  482.015
31 540  887.945
31 555  1176.01
31 570  1518.96
31 585  1704.79
31 600  1782.9
31 615  1781.4
31 630  1754.31
31 645  1908.21
31 660  1833.77
31 675  1853.36
31 690  1803.55
31 705  1768.48
31 720  1729.79
31 735  1781.26
31 750  1765.66
31 765  1669.13
31 780  1658.11
31 795  1611.97
31 810  1533.08
31 825  1458.82
31 840  1368.72
31 855  1109.43
31 870  952.385
31 885  818.181
31 900  703.593
31 915  573.14
31 930  357.741
31 945  117.364
31 960  143.832
33 450  -90.2362
33 465  16.2996
33 480  57.8338
33 495  324.389
33 510  344.927
33 525  270.743
33 540  790.032
33 555  1076.21
33 570  1328.27
33 585  1519.65
33 600  1566
33 615  1468.96
33 630  1555.71
33 645  1785.57
33 660  1694.94
33 675  1680.75
33 690  1639.96
33 705  1623.26
33 720  1544.69
33 735  1569.46
33 750  1654.76
33 765  1616.95
33 780  1561.98
33 795  1490
33 810  1459.14
33 825  1278.48
33 840  1268.85
33 855  1141.86
33 870  1034.54
33 885  975.581
33 900  942.904
33 915  798.324
33 930  592.367
33 945  293.812
33 960  239.304
35 450  -314.947
35 465  -239.647
35 480  -192.675
35 495  -25.4526
35 510  256.974
35 525  533.266
35 540  754.646
35 555  988.784
35 570  1101.93
35 585  1277.32
35 600  1356.91
35 615  1273.44
35 630  1300.25
35 645  1594.15
35 660  1491.22
35 675  1444.67
35 690  1273.75
35 705  1514.7
35 720  1423.97
35 735  1317.31
35 750  1369.2
35 765  1452.44
35 780  1343.33
35 795  1366.84
35 810  1287.56
35 825  1175.37
35 840  1192.46
35 855  1106.02
35 870  1066.7
35 885  967.564
35 900  849.339
35 915  764.411
35 930  653.699
35 945  453.531
35 960  325.61
37 450  -457.581
37 465  -437.472
37 480  -355.713
37 495  -37.8524
37 510  254.251
37 525  514.4
37 540  795.128
37 555  970.855
37 570  1081.87
37 585  1189.26
37 600  1099.34
37 615  1192.96
37 630  978.012
37 645  1197.57
37 660  1258.61
37 675  1205.82
37 690  924.631
37 705  1280.67
37 720  1213.58
37 735  825.336
37 750  910.248
37 765  1095.91
37 780  1147.2
37 795  1127.28
37 810  1027.47
37 825  1075.03
37 840  1000.1
37 855  1024.56
37 870  857.464
37 885  933.979
37 900  908.726
37 915  851.488
37 930  771.65
37 945  608.85
37 960  372.106
39 450  -578.15
39 465  -550.242
39 480  -416.039
39 495  -176.752
39 510  101.813
39 525  330.022
39 540  486.147
39 555  530.022
39 570  822.457
39 585  851.321
39 600  818.397
39 615  745.97
39 630  634.19
39 645  681.757
39 660  1011.42
39 675  789.058
39 690  666.185
39 705  761.368
39 720  886.09
39 735  384.465
39 750  527.82
39 765  602.414
39 780  776.322
39 795  530.013
39 810  641.528
39 825  592.544
39 840  717.911
39 855  694.769
39 870  564.449
39 885  568.49
39 900  580.711
39 915  708.39
39 930  627.595
39 945  559.027
39 960  461.651
